world: ad4acf60-9e5c-4a07-92cb-86fd2997e7f2
world-name: world
x: -57.26122576689396
y: 4.0
z: 189.41544574483137
yaw: -88.104248046875
pitch: 71.10016632080078
name: fdf
lastowner: 8ef7e821-80dd-3258-a6e2-f48b2f8b05a0
