world: 0fcf9b96-5d1b-45dc-b530-b7b06a402d67
world-name: house
x: -1141.6389352342774
y: 42.0
z: -202.48363633310902
yaw: 85.65301513671875
pitch: 22.049901962280273
name: home
lastowner: 3079925d-5035-3a7a-baa1-b80d1d144973
