world: a2b3e707-e295-40f1-a51a-2ba46bc14b77
world-name: prikol
x: 91.75507262297208
y: -59.32930974820095
z: 107.12739594697533
yaw: 109.64997863769531
pitch: -35.70003128051758
name: items
lastowner: 8ef7e821-80dd-3258-a6e2-f48b2f8b05a0
