world: ad4acf60-9e5c-4a07-92cb-86fd2997e7f2
world-name: world
x: -89.43469169705965
y: -3.0
z: -62.51075301585927
yaw: 152.48681640625
pitch: 1.069384217262268
name: leik
lastowner: 8ef7e821-80dd-3258-a6e2-f48b2f8b05a0
