world: a2b3e707-e295-40f1-a51a-2ba46bc14b77
world-name: prikol
x: 20.73594473117109
y: -60.0
z: 10.691907901827042
yaw: 176.3312225341797
pitch: 15.26436710357666
name: mobs
lastowner: 3e4f1101-0206-3151-9b38-a6c2b51937b5
