world: 2354a3a1-55c1-4999-8d8b-c98cca76cafa
world-name: tree
x: 0.0
y: 4.0
z: 0.0
yaw: -102.15003967285156
pitch: 1.949989914894104
name: tree
lastowner: 046da2c5-4ffe-3c1a-ad3c-09a945f511bb
