world: 4ad0457a-4558-4632-becd-38b8619cad1f
world-name: builder
x: 52.84830977799193
y: -60.0
z: 268.7221515613797
yaw: -79.67138671875
pitch: 40.994049072265625
name: warp
lastowner: 3e4f1101-0206-3151-9b38-a6c2b51937b5
