world: ad4acf60-9e5c-4a07-92cb-86fd2997e7f2
world-name: world
x: 447.4329197997161
y: 146.0
z: -478.724285903556
yaw: 112.81745910644531
pitch: 60.648197174072266
name: zamok1
lastowner: 3079925d-5035-3a7a-baa1-b80d1d144973
